%YAML:1.0
frameCount: 5
calibrationDate: "Thu May  4 10:24:38 2017\n"
cameraMatrix: !!opencv-matrix
   rows: 3
   cols: 3
   dt: d
   data: [ 100., 0., 320., 0., 10000., 240., 0., 0., 1. ]
features :
   - { x:167, y:49, lbp:[ 1, 0, 0, 1, 1, 0, 1, 1 ] }
   - { x:298, y:370, lbp:[ 0, 0, 0, 1, 0, 0, 1, 1 ] }
   - { x:344, y:638, lbp:[ 1, 1, 0, 0, 0, 0, 1, 0 ] }
